0.200044 0
0.400316 0
0.60022 0
0.800059 0
1.000428 0
1.200108 0
1.400109 0
1.600092 0
1.800156 0
2.00006 0
2.200588 0
2.400268 0
2.600132 0
2.800044 0
3.000316 0
3.200216 22500
3.400004 30000
3.60041 30000
3.800004 30000
4.015125 30000
4.205357 30000
4.4145 35000
4.607143 30000
4.80575 27500
5.00075 30000
5.22075 35000
5.410714 30000
5.600014 30000
5.8125 32500
6.010125 30000
6.21325 32500
6.40575 30000
6.615125 32500
6.802625 32500
7.000003 30000
7.200077 0
7.400197 0
7.60026 0
7.800165 0
8.000004 0
8.200373 0
8.400053 0
8.600054 0
8.800037 0
9.0001 0
9.200005 0
9.400533 0
9.600213 0
9.800077 0
9.939877 0
