0.200044 223800
0.400316 499200
0.60022 499200
0.800059 499200
1.000428 499200
1.200108 499200
1.400109 504400
1.600092 499200
1.800156 499200
2.00006 499200
2.200588 499200
2.400268 499200
2.600132 499200
2.800044 504400
3.000316 499200
3.200216 275600
3.400004 72800
3.60041 57200
3.800004 46800
4.015125 31200
4.205357 31200
4.4145 5200
4.607143 36400
4.80575 31200
5.00075 31200
5.22075 5200
5.410714 31200
5.600014 36400
5.8125 5200
6.010125 31200
6.21325 0
6.40575 26000
6.615125 31200
6.802625 0
7.000003 72800
7.200077 499200
7.400197 504400
7.60026 499200
7.800165 499200
8.000004 499200
8.200373 499200
8.400053 499200
8.600054 504400
8.800037 499200
9.0001 499200
9.200005 499200
9.400533 499200
9.600213 499200
9.800077 499200
9.939877 348400
