0.1 0
0.1 0
0.100303 0
0.100303 0
0.100303 0
0.120588 210000
0.140016 520000
0.160108 468000
0.18006 520000
0.200044 520000
0.220428 468000
0.240156 520000
0.260132 468000
0.280059 520000
0.300092 520000
0.320268 468000
0.34022 520000
0.360109 520000
0.380588 468000
0.400316 520000
0.420108 468000
0.44006 520000
0.460044 520000
0.480428 468000
0.500156 520000
0.520132 468000
0.540059 520000
0.560092 520000
0.580268 468000
0.60022 520000
0.620109 520000
0.640588 468000
0.660316 520000
0.680108 468000
0.70006 520000
0.720044 520000
0.740428 468000
0.760156 520000
0.780132 468000
0.800059 520000
0.820092 520000
0.840268 468000
0.86022 520000
0.880109 520000
0.900588 468000
0.920316 520000
0.940108 468000
0.96006 520000
0.980044 520000
1.000428 468000
1.020156 520000
1.040132 468000
1.060059 520000
1.080092 520000
1.100268 468000
1.12022 520000
1.140109 520000
1.160588 468000
1.180316 520000
1.200108 468000
1.22006 520000
1.240044 520000
1.260428 468000
1.280156 520000
1.300132 468000
1.320059 520000
1.340092 520000
1.360268 468000
1.38022 520000
1.400109 520000
1.420588 468000
1.440316 520000
1.460108 468000
1.48006 520000
1.500044 520000
1.520428 468000
1.540156 520000
1.560132 468000
1.580059 520000
1.600092 520000
1.620268 468000
1.64022 520000
1.660109 520000
1.680588 468000
1.700316 520000
1.720108 468000
1.74006 520000
1.760044 520000
1.780428 468000
1.800156 520000
1.820132 468000
1.840059 520000
1.860092 520000
1.880268 468000
1.90022 520000
1.920109 520000
1.940588 468000
1.960316 520000
1.980108 468000
2.00006 520000
2.020044 520000
2.040428 468000
2.060156 520000
2.080132 468000
2.100059 520000
2.120092 520000
2.140268 468000
2.16022 520000
2.180109 520000
2.200588 468000
2.220316 520000
2.240108 468000
2.26006 520000
2.280044 520000
2.300428 468000
2.320156 520000
2.340132 468000
2.360059 520000
2.380092 520000
2.400268 468000
2.42022 520000
2.440109 520000
2.460588 468000
2.480316 520000
2.500108 468000
2.52006 520000
2.540044 520000
2.560428 468000
2.580156 520000
2.600132 468000
2.620059 520000
2.640092 520000
2.660268 468000
2.68022 520000
2.700109 520000
2.720588 468000
2.740316 520000
2.760108 468000
2.78006 520000
2.800044 520000
2.820428 468000
2.840156 520000
2.860132 468000
2.880059 520000
2.900092 520000
2.920268 468000
2.94022 520000
2.960109 520000
2.980588 468000
3.000316 520000
3.020108 468000
3.04006 520000
3.060044 520000
3.080428 468000
3.100156 520000
3.120132 468000
3.140059 520000
3.160092 520000
3.180268 468000
3.20022 520000
3.220109 520000
3.240588 468000
3.260316 520000
3.280108 468000
3.30006 520000
3.320044 520000
3.340428 468000
3.360156 520000
3.380132 468000
3.400059 520000
3.420092 520000
3.440268 468000
3.46022 520000
3.480109 520000
3.500588 468000
3.520316 520000
3.540108 468000
3.56006 520000
3.580044 520000
3.600428 468000
3.620156 520000
3.640132 468000
3.660059 520000
3.680092 520000
3.700268 468000
3.72022 520000
3.740109 520000
3.760588 468000
3.780316 520000
3.800108 468000
3.82006 520000
3.840044 520000
3.860428 468000
3.880156 520000
3.900132 468000
3.920059 520000
3.940092 520000
3.960268 468000
3.98022 520000
4.000109 520000
4.020588 468000
4.040316 520000
4.060108 468000
4.08006 520000
4.100044 520000
4.120428 468000
4.140156 520000
4.160132 468000
4.180059 520000
4.200092 520000
4.220268 468000
4.24022 520000
4.260109 520000
4.280588 468000
4.300316 520000
4.320108 468000
4.34006 520000
4.360044 520000
4.380428 468000
4.400156 520000
4.420132 468000
4.440059 520000
4.460092 520000
4.480268 468000
4.50022 520000
4.520109 520000
4.540588 468000
4.560316 520000
4.580108 468000
4.60006 520000
4.620044 520000
4.640428 468000
4.660156 520000
4.680132 468000
4.700059 520000
4.720092 520000
4.740268 468000
4.76022 520000
4.780109 520000
4.800588 468000
4.820316 520000
4.840108 468000
4.86006 520000
4.880044 520000
4.900428 468000
4.920156 520000
4.940132 468000
4.960059 520000
4.980092 520000
5.000268 468000
5.02022 520000
5.040109 520000
5.060588 468000
5.080316 520000
5.100108 468000
5.12006 520000
5.140044 520000
5.160428 468000
5.180156 520000
5.200132 468000
5.220059 520000
5.240092 520000
5.260268 468000
5.28022 520000
5.300109 520000
5.320588 468000
5.340316 520000
5.360108 468000
5.38006 520000
5.400044 520000
5.420428 468000
5.440156 520000
5.460132 468000
5.480059 520000
5.500092 520000
5.520268 468000
5.54022 520000
5.560109 520000
5.580588 468000
5.600316 520000
5.620108 468000
5.64006 520000
5.660044 520000
5.680428 468000
5.700156 520000
5.720132 468000
5.740059 520000
5.760092 520000
5.780268 468000
5.80022 520000
5.820109 520000
5.840588 468000
5.860316 520000
5.880108 468000
5.90006 520000
5.920044 520000
5.940428 468000
5.960156 520000
5.980132 468000
6.000059 520000
6.020092 520000
6.040268 468000
6.06022 520000
6.080109 520000
6.100588 468000
6.120316 520000
6.140108 468000
6.16006 520000
6.180044 520000
6.200428 468000
6.220156 520000
6.240132 468000
6.260059 520000
6.280092 520000
6.300268 468000
6.32022 520000
6.340109 520000
6.360588 468000
6.380316 520000
6.400108 468000
6.42006 520000
6.440044 520000
6.460428 468000
6.480156 520000
6.500132 468000
6.520059 520000
6.540092 520000
6.560268 468000
6.58022 520000
6.600109 520000
6.620588 468000
6.640316 520000
6.660108 468000
6.68006 520000
6.700044 520000
6.720428 468000
6.740156 520000
6.760132 468000
6.780059 520000
6.800092 520000
6.820268 468000
6.84022 520000
6.860109 520000
6.880588 468000
6.900316 520000
6.920108 468000
6.94006 520000
6.960044 520000
6.980428 468000
7.000156 520000
7.020132 468000
7.040059 520000
7.060092 520000
7.080268 468000
7.10022 520000
7.120109 520000
7.140588 468000
7.160316 520000
7.180108 468000
7.20006 520000
7.220044 520000
7.240428 468000
7.260156 520000
7.280132 468000
7.300059 520000
7.320092 520000
7.340268 468000
7.36022 520000
7.380109 520000
7.400588 468000
7.420316 520000
7.440108 468000
7.46006 520000
7.480044 520000
7.500428 468000
7.520156 520000
7.540132 468000
7.560059 520000
7.580092 520000
7.600268 468000
7.62022 520000
7.640109 520000
7.660588 468000
7.680316 520000
7.700108 468000
7.72006 520000
7.740044 520000
7.760428 468000
7.780156 520000
7.800132 468000
7.820059 520000
7.840092 520000
7.860268 468000
7.88022 520000
7.900109 520000
7.920588 468000
7.940316 520000
7.960108 468000
7.98006 520000
8.000044 520000
8.020428 468000
8.040156 520000
8.060132 468000
8.080059 520000
8.100092 520000
8.120268 468000
8.14022 520000
8.160109 520000
8.180588 468000
8.200316 520000
8.220108 468000
8.24006 520000
8.260044 520000
8.280428 468000
8.300156 520000
8.320132 468000
8.340059 520000
8.360092 520000
8.380268 468000
8.40022 520000
8.420109 520000
8.440588 468000
8.460316 520000
8.480108 468000
8.50006 520000
8.520044 520000
8.540428 468000
8.560156 520000
8.580132 468000
8.600059 520000
8.620092 520000
8.640268 468000
8.66022 520000
8.680109 520000
8.700588 468000
8.720316 520000
8.740108 468000
8.76006 520000
8.780044 520000
8.800428 468000
8.820156 520000
8.840132 468000
8.860059 520000
8.880092 520000
8.900268 468000
8.92022 520000
8.940109 520000
8.960588 468000
8.980316 520000
9.000108 468000
9.02006 520000
9.040044 520000
9.060428 468000
9.080156 520000
9.100132 468000
9.120059 520000
9.140092 520000
9.160268 468000
9.18022 520000
9.200109 520000
9.220588 468000
9.240316 520000
9.260108 468000
9.28006 520000
9.300044 520000
9.320428 468000
9.340156 520000
9.360132 468000
9.380059 520000
9.400092 520000
9.420268 468000
9.44022 520000
9.460109 520000
9.480588 468000
9.500316 520000
9.520108 468000
9.54006 520000
9.560044 520000
9.580428 468000
9.600156 520000
9.620132 468000
9.640059 520000
9.660092 520000
9.680268 468000
9.70022 520000
9.720109 520000
9.740588 468000
9.760316 520000
9.780108 468000
9.80006 520000
9.820044 520000
9.840428 468000
9.860156 520000
9.880132 468000
9.900059 520000
9.920092 520000
9.940286 468000
9.940892 0
