0 1
0.10000000000000001 2
0.20000000000000001 8
0.30000000000000004 16
0.40000000000000002 21.5424
0.5 22.5415
0.59999999999999998 24.17
0.69999999999999996 25.6564
0.79999999999999993 26.5383
0.89999999999999991 28.006
0.99999999999999989 28.7813
1.0999999999999999 30.0734
1.2 31.2481
1.3 32.0074
1.4000000000000001 33.2341
1.5000000000000002 33.8604
1.6000000000000003 34.9937
1.7000000000000004 35.9804
1.8000000000000005 36.6689
1.9000000000000006 37.7443
2.0000000000000004 38.2707
2.1000000000000005 39.3024
2.2000000000000006 40.1833
2.3000000000000007 40.8009
2.4000000000000008 41.77
2.5000000000000009 42.2463
2.600000000000001 43.183
2.7000000000000011 43.9635
2.8000000000000012 44.5511
2.9000000000000012 45.4403
3.0000000000000013 45.8784
3.1000000000000014 46.7424
3.2000000000000015 47.4433
3.3000000000000016 48.0091
3.4000000000000017 48.8354
3.5000000000000018 49.2433
3.6000000000000019 50.0492
3.700000000000002 50.6846
3.800000000000002 51.2342
3.9000000000000021 52.0092
4.0000000000000018 52.3924
4.1000000000000014 53.1505
4.2000000000000011 53.7307
4.3000000000000007 54.2678
4.4000000000000004 55.0001
4.5 55.3626
4.5999999999999996 56.0806
4.6999999999999993 56.6131
4.7999999999999989 57.1406
4.8999999999999986 57.8365
4.9999999999999982 58.1813
5.0999999999999979 58.8649
5.1999999999999975 59.3556
5.2999999999999972 59.8757
5.3999999999999968 60.5401
5.4999999999999964 60.8696
5.5999999999999961 61.5071
5.6999999999999957 61.8638
5.7999999999999954 62.2506
5.899999999999995 62.5711
5.9999999999999947 62.874
6.0999999999999943 1
6.199999999999994 2
6.2999999999999936 4
6.3999999999999932 8
6.4999999999999929 10.2971
6.5999999999999925 10.2971
6.6999999999999922 1
6.7999999999999918 1
6.8999999999999915 1
6.9999999999999911 1
7.0999999999999908 1
7.1999999999999904 2.9
7.2999999999999901 4.33944
7.3999999999999897 5.19763
7.4999999999999893 7.02286
7.599999999999989 7.96541
7.6999999999999886 9.67696
7.7999999999999883 11.0352
7.8999999999999879 12.4054
7.9999999999999876 13.8566
8.0999999999999872 15.2348
8.1999999999999869 16.7987
8.2999999999999865 18.2285
8.3999999999999861 20.0593
8.4999999999999858 21.3175
8.5999999999999854 22.8584
8.6999999999999851 24.1363
8.7999999999999847 25.4286
8.8999999999999844 26.8825
8.999999999999984 27.7975
9.0999999999999837 29.0301
9.1999999999999833 30.013
9.2999999999999829 31.0936
9.3999999999999826 32.2932
9.4999999999999822 33.0587
9.5999999999999819 34.1014
9.6999999999999815 34.9418
9.7999999999999812 35.8463
9.8999999999999808 36.9186
9.9999999999999805 37.5899
10.09999999999998 38.5101
10.19999999999998 39.2307
10.299999999999979 40.0633
10.399999999999979 40.9278
10.499999999999979 41.5344
10.599999999999978 42.0609
10.699999999999978 42.6043
10.799999999999978 43.1409
10.899999999999977 43.6022
10.999999999999977 1
11.099999999999977 2
11.199999999999976 6
11.299999999999976 10.2971
11.399999999999975 11.2302
11.499999999999975 12.1736
11.599999999999975 13.2015
11.699999999999974 14.0835
11.799999999999974 2
11.899999999999974 3
11.999999999999973 7.81738
12.099999999999973 8.78802
12.199999999999973 10.3632
12.299999999999972 11.4672
12.399999999999972 13.3285
12.499999999999972 14.2729
12.599999999999971 16.1815
12.699999999999971 17.8309
12.799999999999971 19.079
12.89999999999997 21.0263
12.99999999999997 21.9579
13.099999999999969 23.7113
13.199999999999969 24.9855
13.299999999999969 26.1213
13.399999999999968 27.6112
13.499999999999968 28.3267
13.599999999999968 29.7061
13.699999999999967 30.6999
13.799999999999967 31.6625
13.899999999999967 32.9022
13.999999999999966 33.5048
14.099999999999966 34.6786
14.199999999999966 35.5053
14.299999999999965 36.3683
14.399999999999965 37.4524
14.499999999999964 37.9828
14.599999999999964 39.0221
14.699999999999964 39.7334
14.799999999999963 40.531
14.899999999999963 41.5064
14.999999999999963 41.9857
15.099999999999962 42.9281
15.199999999999962 43.5526
15.299999999999962 44.3041
15.399999999999961 45.1981
15.499999999999961 45.6386
15.599999999999961 46.3993
15.69999999999996 46.9351
15.79999999999996 47.5702
15.89