0.200368 0
0.40064 0
0.60008 0
0.800384 0
1.000688 0
1.20016 0
1.400432 0
1.60072 0
1.800192 0
2.000496 0
2.2008 0
2.40024 0
2.600512 0
2.800832 0
3.000304 0
3.200608 0
3.400048 0
3.60032 0
3.800592 0
4.000112 0
4.200416 0
4.400688 0
4.600128 0
4.8004 0
5.000704 0
5.200224 0
5.400108 0
5.600497 0
5.800305 0
6.000049 0
6.200001 0
6.400529 0
6.600209 0
6.800017 0
7.000401 0
7.200529 0
7.400001 0
7.600177 0
7.800176 0
8.000416 0
8.200672 0
8.400128 0
8.600384 0
8.800656 0
9.000128 0
9.200432 0
9.400752 0
9.600208 0
9.800464 0
10.000768 0
10.20024 0
10.40009 0
10.600026 0
10.80057 0
11.000266 0
11.20033 0
11.400186 0
11.60001 0
11.80065 0
12.000394 0
12.200474 0
12.40009 0
12.600362 0
12.800618 0
13.000138 0
13.200442 0
13.400714 0
13.600154 0
13.800426 0
14.00073 0
14.20025 0
14.400522 0
14.600794 0
14.800234 0
15.000538 0
15.20001 0
15.40017 0
15.600042 0
15.80001 0
16.000618 0
16.200394 0
16.400234 0
16.60001 0
16.800618 0
17.000442 0
17.200762 0
17.400026 0
17.600458 0
17.800314 0
18.000586 0
18.20001 0
18.400282 0
18.600538 0
18.800026 0
19.00033 0
19.200634 0
19.400922 0
19.600346 0
19.800618 0
19.999258 0
