0 1
0.10000000000000001 2
0.20000000000000001 8
0.30000000000000004 16
0.40000000000000002 21.5424
0.5 22.5415
0.59999999999999998 24.17
0.69999999999999996 25.6564
0.79999999999999993 26.5383
0.89999999999999991 28.006
0.99999999999999989 28.7813
1.0999999999999999 30.0734
1.2 31.2481
1.3 32.0074
1.4000000000000001 33.2341
1.5000000000000002 33.8604
1.6000000000000003 34.9937
1.7000000000000004 35.9804
1.8000000000000005 36.6689
1.9000000000000006 37.7443
2.0000000000000004 38.2707
2.1000000000000005 39.3024
2.2000000000000006 40.1833
2.3000000000000007 40.8009
2.4000000000000008 41.77
2.5000000000000009 42.2463
2.600000000000001 43.183
2.7000000000000011 43.9635
2.8000000000000012 44.5511
2.9000000000000012 45.4403
3.0000000000000013 45.8784
3.1000000000000014 46.7424
3.2000000000000015 47.4433
3.3000000000000016 48.0091
3.4000000000000017 48.8354
3.5000000000000018 49.2433
3.6000000000000019 50.0492
3.700000000000002 50.6846
3.800000000000002 51.2342
3.9000000000000021 52.0092
4.0000000000000018 52.3924
4.1000000000000014 53.1505
4.2000000000000011 53.7307
4.3000000000000007 54.2678
4.4000000000000004 55.0001
4.5 55.3626
4.5999999999999996 56.0806
4.6999999999999993 56.6131
4.7999999999999989 57.1406
4.8999999999999986 57.8365
4.9999999999999982 58.1813
5.0999999999999979 58.8649
5.1999999999999975 59.3556
5.2999999999999972 59.8757
5.3999999999999968 60.5401
5.4999999999999964 60.8696
5.5999999999999961 61.5071
5.6999999999999957 61.8638
5.7999999999999954 62.2506
5.899999999999995 62.5711
5.9999999999999947 62.874
6.0999999999999943 10
6.199999999999994 10.1
6.2999999999999936 10.1
6.3999999999999932 1
6.4999999999999929 2
6.5999999999999925 4
6.6999999999999922 5.57776
6.7999999999999918 6.26331
6.8999999999999915 6.57866
6.9999999999999911 6.57866
7.0999999999999908 2
7.1999999999999904 3.90856
7.2999999999999901 4.84749
7.3999999999999897 6.306
7.4999999999999893 7.343
7.599999999999989 9.17299
7.6999999999999886 10.3083
7.7999999999999883 12.0173
7.8999999999999879 13.436
7.9999999999999876 14.7859
8.0999999999999872 16.4539
8.1999999999999869 17.6862
8.2999999999999865 19.4653
8.3999999999999861 20.8078
8.4999999999999858 22.2943
8.5999999999999854 23.8978
8.6999999999999851 24.9228
8.7999999999999847 26.4046
8.8999999999999844 27.4088
8.999999999999984 28.5882
9.0999999999999837 29.8551
9.1999999999999833 30.6815
9.2999999999999829 31.8966
9.3999999999999826 32.702
9.4999999999999822 33.7261
9.5999999999999819 34.8063
9.6999999999999815 35.4894
9.7999999999999812 36.5723
9.8999999999999808 37.2767
9.9999999999999805 38.1782
10.09999999999998 39.1356
10.19999999999998 39.7443
10.299999999999979 40.7141
10.399999999999979 41.3237
10.499999999999979 42.115
10.599999999999978 42.5873
10.699999999999978 43.101
10.799999999999978 43.6086
10.899999999999977 44.0876
10.999999999999977 10
11.099999999999977 10.1
11.199999999999976 10.1
11.299999999999976 1
11.399999999999975 2
11.499999999999975 5.39231
11.599999999999975 6.26331
11.699999999999974 7.16696
11.799999999999974 8.57591
11.899999999999974 9.67822
11.999999999999973 10.5715
12.099999999999973 11.3944
12.199999999999973 12.8043
12.299999999999972 14.4939
12.399999999999972 16.0054
12.499999999999972 17.3278
12.599999999999971 19.0354
12.699999999999971 20.2585
12.799999999999971 22.1019
12.89999999999997 23.3356
12.99999999999997 24.6699
13.099999999999969 26.0895
13.199999999999969 26.9944
13.299999999999969 28.4033
13.399999999999968 29.4072
13.499999999999968 30.4765
13.599999999999968 31.6046
13.699999999999967 32.3864
13.799999999999967 33.5695
13.899999999999967 34.3939
13.999999999999966 35.3407
14.099999999999966 36.2904
14.199999999999966 37.0002
14.299999999999965 38.04
14.399999999999965 38.7693
14.499999999999964 39.6116
14.599999999999964 40.4364
14.699999999999964 41.0989
14.799999999999963 42.0136
14.899999999999963 42.6984
14.999999999999963 43.4646
15.099999999999962 44.2175
15.199999999999962 44.8241
15.299999999999962 45.6642
15.399999999999961 46.2519
15.499999999999961 46.8961
15.599999999999961 47.5106
15.69999999999996 48.0132
15.79999999999996 48.6959
15.899999999999959 49.2473
15.999999999999959 49.8328
16.099999999999959 50.2923
16.19999999999996 50.6885
16.299999999999962 10
16.399999999999963 10.1
16.499999999999964 10.1
16.599999999999966 1
16.699999999999967 2
16.799999999999969 5.57776
16.89999999999997 6.42297
16.999999999999972 6.87924
17.099999999999973 7.96694
17.199999999999974 9.67822
17.299999999999976 10.7599
17.399999999999977 12.4063
17.499999999999979 13.6386
17.59999999999998 15.1035
17.699999999999982 16.1301
17.799999999999983 17.0363
17.899999999999984 18.2292
17.999999999999986 19.7074
18.099999999999987 21.1767
18.199999999999989 22.7272
18.29999999999999 23.9703
18.399999999999991 25.3502
18.499999999999993 26.5835
18.599999999999994 27.7259
18.699999999999996 28.8923
18.799999999999997 29.9132
18.899999999999999 31.0296
19 32.0135
19.100000000000001 32.9681
19.200000000000003 33.9548
19.300000000000004 34.8562
19.400000000000006 35.8187
19.500000000000007 36.6743
19.600000000000009 37.5103
19.70000000000001 38.3803
19.800000000000011 39.18
19.900000000000013 40.0386
