0.200044 0
0.400316 0
0.60022 0
0.800059 0
1.000428 0
1.200108 0
1.400109 0
1.600092 0
1.800156 0
2.00006 0
2.200588 0
2.400268 0
2.600132 0
2.800044 0
3.000316 0
3.200002 7500
3.400065 0
3.600002 7500
3.800065 0
4.000002 7500
4.200065 0
4.400002 7500
4.600065 0
4.800002 7500
5.000065 0
5.200002 7500
5.400065 0
5.600002 7500
5.800065 0
6.000002 7500
6.200065 0
6.400129 0
6.600498 0
6.800178 0
7.000042 0
7.200162 0
7.400225 0
7.60013 0
7.800658 0
8.000338 0
8.200018 0
8.400019 0
8.600002 0
8.800065 0
9.000129 0
9.200498 0
9.400178 0
9.600042 0
9.800162 0
9.939522 0
