0.200044 223800
0.400316 499200
0.60022 499200
0.800059 499200
1.000428 499200
1.200108 499200
1.400109 504400
1.600092 499200
1.800156 499200
2.00006 499200
2.200588 499200
2.400268 499200
2.600132 499200
2.800044 504400
3.000316 499200
3.200002 468000
3.400065 499200
3.600002 468000
3.800065 499200
4.000002 468000
4.200065 499200
4.400002 468000
4.600065 499200
4.800002 468000
5.000065 499200
5.200002 468000
5.400065 499200
5.600002 468000
5.800065 499200
6.000002 468000
6.200065 499200
6.400129 499200
6.600498 499200
6.800178 499200
7.000042 499200
7.200162 504400
7.400225 499200
7.60013 499200
7.800658 499200
8.000338 499200
8.200018 499200
8.400019 504400
8.600002 499200
8.800065 499200
9.000129 499200
9.200498 499200
9.400178 499200
9.600042 499200
9.800162 504400
9.939522 343200
